998
0
 4.00000000000000E+0000 0.00000000000000E+0000
60
40
 1.00000000000000E+0000
 1.00000000000000E+0002
 0.00000000000000E+0000
60
 5.00000000000000E-0002 5.00000000000000E-0002 2.00000000000000E+0000 2.50000000000000E+0003 2.00000000000000E+0003
 1.00000000000000E+0000 1.00000000000000E-0003
 1.00000000000000E+0000 1.00000000000000E-0003
 4.00000000000000E+0000 4.00000000000000E-0001
 5.00000000000000E+0003 1.00000000000000E+0003
 5.00000000000000E+0003 1.00000000000000E+0003
