1 0.00000000000000E+0000 1.46753157971126E+0001
-1.37982367018672E+0001
2 1.00000000000000E+0000 1.43810545110049E+0001
-1.38123886142431E+0001
3 1.75000000000000E+0000 1.41570641692932E+0001
-1.38264679442352E+0001
4 2.62500000000000E+0000 1.39873108682129E+0001
-1.38404744237934E+0001
5 3.93750000000000E+0000 1.38730092970659E+0001
-1.38544077862545E+0001
6 4.00000000000000E+0000 1.38288499353342E+0001
-1.38682677663473E+0001
7 4.00000000000000E+0000 1.37964613770485E+0001
-1.38820541001978E+0001
8 4.00000000000000E+0000 1.37720986615680E+0001
-1.38957665253342E+0001
9 4.00000000000000E+0000 1.37549638347708E+0001
-1.39094047806915E+0001
10 4.00000000000000E+0000 1.37443378823619E+0001
-1.39229686066171E+0001
11 4.00000000000000E+0000 1.37395729213150E+0001
-1.39364577448753E+0001
12 4.00000000000000E+0000 1.37400851637216E+0001
-1.39498719386522E+0001
13 4.00000000000000E+0000 1.37453485766413E+0001
-1.39632109325611E+0001
14 4.00000000000000E+0000 1.37548891691079E+0001
-1.39764744726467E+0001
15 4.00000000000000E+0000 1.37682798442516E+0001
-1.39896623063903E+0001
16 4.00000000000000E+0000 1.37851357606403E+0001
-1.40027741827145E+0001
17 4.00000000000000E+0000 1.38051101524670E+0001
-1.40158098519882E+0001
18 4.00000000000000E+0000 1.38278905631952E+0001
-1.40287690660309E+0001
19 4.00000000000000E+0000 1.38531954517653E+0001
-1.40416515781180E+0001
20 4.00000000000000E+0000 1.38807711345075E+0001
-1.40544571429849E+0001
21 4.00000000000000E+0000 1.39103890295547E+0001
-1.40671855168323E+0001
22 4.00000000000000E+0000 1.39418431738324E+0001
-1.40798364573301E+0001
23 4.00000000000000E+0000 1.39749479856624E+0001
-1.40924097236227E+0001
24 4.00000000000000E+0000 1.40095362486860E+0001
-1.41049050763332E+0001
25 4.00000000000000E+0000 1.40454572952123E+0001
-1.41173222775682E+0001
26 4.00000000000000E+0000 1.40825753692668E+0001
-1.41296610909221E+0001
27 4.00000000000000E+0000 1.41207681515635E+0001
-1.41419212814815E+0001
28 4.00000000000000E+0000 1.41599254303833E+0001
-1.41541026158302E+0001
29 4.00000000000000E+0000 1.41999479039271E+0001
-1.41662048620531E+0001
30 4.00000000000000E+0000 1.42407461011368E+0001
-1.41782277897408E+0001
31 4.00000000000000E+0000 1.42822394092670E+0001
-1.41901711699943E+0001
32 4.00000000000000E+0000 1.43243551976469E+0001
-1.42020347754286E+0001
33 4.00000000000000E+0000 1.43670280281181E+0001
-1.42138183801780E+0001
34 4.00000000000000E+0000 1.44101989435738E+0001
-1.42255217598995E+0001
35 4.00000000000000E+0000 1.44538148268744E+0001
-1.42371446917776E+0001
36 4.00000000000000E+0000 1.44978278231778E+0001
-1.42486869545285E+0001
37 4.00000000000000E+0000 1.45421948194114E+0001
-1.42601483284041E+0001
38 4.00000000000000E+0000 1.45868769752337E+0001
-1.42715285951965E+0001
39 4.00000000000000E+0000 1.46318393003918E+0001
-1.42828275382416E+0001
40 4.00000000000000E+0000 1.46770502738863E+0001
-1.42940449424240E+0001
41 4.00000000000000E+0000 1.47224815008070E+0001
-1.43051805941804E+0001
42 4.00000000000000E+0000 1.47681074031136E+0001
-1.43162342815041E+0001
43 4.00000000000000E+0000 1.48139049410044E+0001
-1.43272057939488E+0001
44 4.00000000000000E+0000 1.48598533618455E+0001
-1.43380949226327E+0001
45 4.00000000000000E+0000 1.49059339739360E+0001
-1.43489014602426E+0001
46 4.00000000000000E+0000 1.49521299426514E+0001
-1.43596252010374E+0001
47 4.00000000000000E+0000 1.49984261067524E+0001
-1.43702659408526E+0001
48 4.00000000000000E+0000 1.50448088128634E+0001
-1.43808234771040E+0001
49 4.00000000000000E+0000 1.50912657663247E+0001
-1.43912976087911E+0001
50 4.00000000000000E+0000 1.51377858967967E+0001
-1.44016881365017E+0001
51 4.00000000000000E+0000 1.51843592371599E+0001
-1.44119948624151E+0001
52 4.00000000000000E+0000 1.52309768143922E+0001
-1.44222175903061E+0001
53 4.00000000000000E+0000 1.52776305512412E+0001
-1.44323561255486E+0001
54 4.00000000000000E+0000 1.53243131776221E+0001
-1.44424102751196E+0001
55 4.00000000000000E+0000 1.53710181507809E+0001
-1.44523798476026E+0001
56 4.00000000000000E+0000 1.54177395833534E+0001
-1.44622646531912E+0001
57 4.00000000000000E+0000 1.54644721785413E+0001
-1.44720645036930E+0001
58 4.00000000000000E+0000 1.55112111717003E+0001
-1.44817792125331E+0001
59 4.00000000000000E+0000 1.55579522777056E+0001
-1.44914085947573E+0001
60 4.00000000000000E+0000 1.56046916435245E+0001
-1.45009524670360E+0001
61 4.00000000000000E+0000 1.56514258054797E+0001
-1.45104106476678E+0001
62 4.00000000000000E+0000 1.56981516507402E+0001
-1.45197829565825E+0001
63 4.00000000000000E+0000 1.57448663826213E+0001
-1.45290692153447E+0001
64 4.00000000000000E+0000 1.57915674893170E+0001
-1.45382692471577E+0001
65 4.00000000000000E+0000 1.58382527157248E+0001
-1.45473828768659E+0001
66 4.00000000000000E+0000 1.58849200380584E+0001
-1.45564099309591E+0001
67 4.00000000000000E+0000 1.59315676409700E+0001
-1.45653502375751E+0001
68 4.00000000000000E+0000 1.59781938969373E+0001
-1.45742036265035E+0001
69 4.00000000000000E+0000 1.60247973476879E+0001
-1.45829699291883E+0001
70 4.00000000000000E+0000 1.60713766874618E+0001
-1.45916489787319E+0001
71 4.00000000000000E+0000 1.61179307479292E+0001
-1.46002406098976E+0001
72 4.00000000000000E+0000 1.61644584846004E+0001
-1.46087446591133E+0001
73 4.00000000000000E+0000 1.62109589645791E+0001
-1.46171609644740E+0001
74 4.00000000000000E+0000 1.62574313555282E+0001
-1.46254893657454E+0001
75 4.00000000000000E+0000 1.63038749157257E+0001
-1.46337297043668E+0001
76 4.00000000000000E+0000 1.63502889851051E+0001
-1.46418818234541E+0001
77 4.00000000000000E+0000 1.63966729771814E+0001
-1.46499455678025E+0001
78 4.00000000000000E+0000 1.64430263717760E+0001
-1.46579207838900E+0001
79 4.00000000000000E+0000 1.64893487084607E+0001
-1.46658073198801E+0001
80 4.00000000000000E+0000 1.65356395806507E+0001
-1.46736050256245E+0001
81 4.00000000000000E+0000 1.65818986302811E+0001
-1.46813137526660E+0001
82 4.00000000000000E+0000 1.66281255430103E+0001
-1.46889333542416E+0001
83 4.00000000000000E+0000 1.66743200438978E+0001
-1.46964636852851E+0001
84 4.00000000000000E+0000 1.67204818935092E+0001
-1.47039046024299E+0001
85 4.00000000000000E+0000 1.67666108844065E+0001
-1.47112559640115E+0001
86 4.00000000000000E+0000 1.68127068379852E+0001
-1.47185176300707E+0001
87 4.00000000000000E+0000 1.68587696016248E+0001
-1.47256894623559E+0001
88 4.00000000000000E+0000 1.69047990461203E+0001
-1.47327713243256E+0001
89 4.00000000000000E+0000 1.69507950633680E+0001
-1.47397630811514E+0001
90 4.00000000000000E+0000 1.69967575642801E+0001
-1.47466645997204E+0001
91 4.00000000000000E+0000 1.70426864769056E+0001
-1.47534757486376E+0001
92 4.00000000000000E+0000 1.70885817447364E+0001
-1.47601963982286E+0001
93 4.00000000000000E+0000 1.71344433251819E+0001
-1.47668264205417E+0001
94 4.00000000000000E+0000 1.71802711881931E+0001
-1.47733656893511E+0001
95 4.00000000000000E+0000 1.72260653150235E+0001
-1.47798140801584E+0001
96 4.00000000000000E+0000 1.72718256971123E+0001
-1.47861714701956E+0001
97 4.00000000000000E+0000 1.73175523350780E+0001
-1.47924377384270E+0001
98 4.00000000000000E+0000 1.73632452378111E+0001
-1.47986127655521E+0001
99 4.00000000000000E+0000 1.74089044216568E+0001
-1.48046964340072E+0001
100 4.00000000000000E+0000 1.74545299096784E+0001
-1.48106886279681E+0001
101 4.00000000000000E+0000 1.75001217309932E+0001
-1.48165892333518E+0001
102 4.00000000000000E+0000 1.75456799201741E+0001
-1.48223981378196E+0001
103 4.00000000000000E+0000 1.75912045167105E+0001
-1.48281152307782E+0001
104 4.00000000000000E+0000 1.76366955645220E+0001
-1.48337404033823E+0001
105 4.00000000000000E+0000 1.76821531115204E+0001
-1.48392735485368E+0001
106 4.00000000000000E+0000 1.77275772092146E+0001
-1.48447145608987E+0001
107 4.00000000000000E+0000 1.77729679123550E+0001
-1.48500633368788E+0001
108 4.00000000000000E+0000 1.78183252786126E+0001
-1.48553197746441E+0001
109 4.00000000000000E+0000 1.78636493682892E+0001
-1.48604837741198E+0001
110 4.00000000000000E+0000 1.79089402440575E+0001
-1.48655552369907E+0001
111 4.00000000000000E+0000 1.79541979707255E+0001
-1.48705340667033E+0001
112 4.00000000000000E+0000 1.79994226150245E+0001
-1.48754201684681E+0001
113 4.00000000000000E+0000 1.80446142454184E+0001
-1.48802134492607E+0001
114 4.00000000000000E+0000 1.80897729319312E+0001
-1.48849138178238E+0001
115 4.00000000000000E+0000 1.81348987459915E+0001
-1.48895211846693E+0001
116 4.00000000000000E+0000 1.81799917602926E+0001
-1.48940354620795E+0001
117 4.00000000000000E+0000 1.82250520486660E+0001
-1.48984565641092E+0001
118 4.00000000000000E+0000 1.82700796859673E+0001
-1.49027844065868E+0001
119 4.00000000000000E+0000 1.83150747479738E+0001
-1.49070189071165E+0001
120 4.00000000000000E+0000 1.83600373112910E+0001
-1.49111599850796E+0001
121 4.00000000000000E+0000 1.84049674532696E+0001
-1.49152075616358E+0001
122 4.00000000000000E+0000 1.84498652519295E+0001
-1.49191615597252E+0001
123 4.00000000000000E+0000 1.84947307858917E+0001
-1.49230219040693E+0001
124 4.00000000000000E+0000 1.85395641343168E+0001
-1.49267885211727E+0001
125 4.00000000000000E+0000 1.85843653768494E+0001
-1.49304613393245E+0001
126 4.00000000000000E+0000 1.86291345935678E+0001
-1.49340402885995E+0001
127 4.00000000000000E+0000 1.86738718649386E+0001
-1.49375253008597E+0001
128 4.00000000000000E+0000 1.87185772717758E+0001
-1.49409163097554E+0001
129 4.00000000000000E+0000 1.87632508952039E+0001
-1.49442132507268E+0001
130 4.00000000000000E+0000 1.88078928166240E+0001
-1.49474160610048E+0001
131 4.00000000000000E+0000 1.88525031176837E+0001
-1.49505246796126E+0001
132 4.00000000000000E+0000 1.88970818802498E+0001
-1.49535390473665E+0001
133 4.00000000000000E+0000 1.89416291863832E+0001
-1.49564591068773E+0001
134 4.00000000000000E+0000 1.89861451183167E+0001
-1.49592848025512E+0001
135 4.00000000000000E+0000 1.90306297584343E+0001
-1.49620160805912E+0001
136 4.00000000000000E+0000 1.90750831892529E+0001
-1.49646528889976E+0001
137 4.00000000000000E+0000 1.91195054934055E+0001
-1.49671951775694E+0001
138 4.00000000000000E+0000 1.91638967536260E+0001
-1.49696428979051E+0001
139 4.00000000000000E+0000 1.92082570527352E+0001
-1.49719960034036E+0001
140 4.00000000000000E+0000 1.92525864736284E+0001
-1.49742544492652E+0001
141 4.00000000000000E+0000 1.92968850992639E+0001
-1.49764181924923E+0001
142 4.00000000000000E+0000 1.93411530126524E+0001
-1.49784871918903E+0001
143 4.00000000000000E+0000 1.93853902968476E+0001
-1.49804614080686E+0001
144 4.00000000000000E+0000 1.94295970349376E+0001
-1.49823408034408E+0001
145 4.00000000000000E+0000 1.94737733100367E+0001
-1.49841253422260E+0001
146 4.00000000000000E+0000 1.95179192052783E+0001
-1.49858149904491E+0001
147 4.00000000000000E+0000 1.95620348038080E+0001
-1.49874097159418E+0001
148 4.00000000000000E+0000 1.96061201887780E+0001
-1.49889094883426E+0001
149 4.00000000000000E+0000 1.96501754433405E+0001
-1.49903142790982E+0001
150 4.00000000000000E+0000 1.96942006506436E+0001
-1.49916240614632E+0001
151 4.00000000000000E+0000 1.97381958938256E+0001
-1.49928388105014E+0001
152 4.00000000000000E+0000 1.97821612560111E+0001
-1.49939585030857E+0001
153 4.00000000000000E+0000 1.98260968203065E+0001
-1.49949831178987E+0001
154 4.00000000000000E+0000 1.98700026697964E+0001
-1.49959126354332E+0001
155 4.00000000000000E+0000 1.99138788875402E+0001
-1.49967470379927E+0001
156 3.04056014058479E+0000 1.99577255565684E+0001
-1.49974863096911E+0001
157 1.04214752756504E+0000 1.99604239087616E+0001
-1.49981304364540E+0001
158 1.53994265550763E+0000 1.98799489991545E+0001
-1.49986794060180E+0001
159 2.79124948082363E+0000 1.98282469418038E+0001
-1.49991332079315E+0001
160 3.72662105147402E+0000 1.98355773348442E+0001
-1.49994918335549E+0001
161 4.00000000000000E+0000 1.98846016944265E+0001
-1.49997552760604E+0001
162 4.00000000000000E+0000 1.99443488937247E+0001
-1.49999235304324E+0001
163 3.62065377624144E+0000 2.00024854411212E+0001
-1.49999965934676E+0001
164 2.43725362722100E+0000 2.00429101752584E+0001
-1.49999744637750E+0001
165 1.92449928856814E+0000 2.00322940971390E+0001
-1.49998571417760E+0001
166 1.96691939346142E+0000 2.00024953270966E+0001
-1.49996446297041E+0001
167 2.45971454273165E+0000 1.99783671091451E+0001
-1.49993369316052E+0001
168 2.84034647662720E+0000 1.99787190049047E+0001
-1.49989340533376E+0001
169 2.84323172423214E+0000 1.99971257922796E+0001
-1.49984360025715E+0001
170 2.53653080121521E+0000 2.00162321830897E+0001
-1.49978427887889E+0001
171 2.23390426484880E+0000 2.00227042250073E+0001
-1.49971544232838E+0001
172 2.11263790682176E+0000 2.00174645423771E+0001
-1.49963709191618E+0001
173 2.17144681289958E+0000 2.00089494446036E+0001
-1.49954922913396E+0001
174 2.28521201891190E+0000 2.00050018375040E+0001
-1.49945185565450E+0001
175 2.32824152078567E+0000 2.00076204547229E+0001
-1.49934497333166E+0001
176 2.26806280810229E+0000 2.00133091053447E+0001
-1.49922858420031E+0001
177 2.15930725366583E+0000 2.00174102560578E+0001
-1.49910269047634E+0001
178 2.07414568614082E+0000 2.00179000408655E+0001
-1.49896729455659E+0001
179 2.04411050415403E+0000 2.00159686607511E+0001
-1.49882239901879E+0001
180 2.05281009989460E+0000 2.00140785839387E+0001
-1.49866800662156E+0001
181 2.06190870980078E+0000 2.00138362190407E+0001
-1.49850412030429E+0001
182 2.04581618731226E+0000 2.00151093332901E+0001
-1.49833074318715E+0001
183 2.00559127919439E+0000 2.00166827015435E+0001
-1.49814787857099E+0001
184 1.96046905712701E+0000 2.00174655865890E+0001
-1.49795552993728E+0001
185 1.92743149537062E+0000 2.00172601647925E+0001
-1.49775370094807E+0001
186 1.91021733337558E+0000 2.00166080416259E+0001
-1.49754239544590E+0001
187 1.90084761966409E+0000 2.00161772475482E+0001
-1.49732161745370E+0001
188 1.88865303143583E+0000 2.00162536309220E+0001
-1.49709137117478E+0001
189 1.86876390057438E+0000 2.00166503287367E+0001
-1.49685166099270E+0001
190 1.84414414536451E+0000 2.00169856707704E+0001
-1.49660249147119E+0001
191 1.82043970076623E+0000 2.00170302344142E+0001
-1.49634386735407E+0001
192 1.80164798283802E+0000 2.00168115712438E+0001
-1.49607579356519E+0001
193 1.78751576777268E+0000 2.00165273514909E+0001
-1.49579827520828E+0001
194 1.77502948093098E+0000 2.00163528854473E+0001
-1.49551131756688E+0001
195 1.76117127153883E+0000 2.00163246160949E+0001
-1.49521492610426E+0001
196 1.74541812628017E+0000 2.00163487515493E+0001
-1.49490910646329E+0001
197 1.72917693784338E+0000 2.00163161447726E+0001
-1.49459386446632E+0001
198 1.71414032708791E+0000 2.00161856710758E+0001
-1.49426920611512E+0001
199 1.70098002337419E+0000 2.00159920419121E+0001
-1.49393513759070E+0001
200 1.68928750601839E+0000 2.00157973123024E+0001
-1.49359166525326E+0001
201 1.67794923529778E+0000 2.00156429740144E+0001
-1.49323879564201E+0001
202 1.66649505093798E+0000 2.00155211061053E+0001
-1.49287653547508E+0001
203 1.65488098620201E+0000 2.00154050181346E+0001
-1.49250489164938E+0001
204 1.64344668657782E+0000 2.00152686049233E+0001
-1.49212387124047E+0001
205 1.63271030813110E+0000 2.00151026575748E+0001
-1.49173348150243E+0001
206 1.62280276772547E+0000 2.00149213967595E+0001
-1.49133372986773E+0001
207 1.61339040320969E+0000 2.00147444041346E+0001
-1.49092462394705E+0001
208 1.60442498935352E+0000 2.00145763942881E+0001
-1.49050617152919E+0001
209 1.59557536888943E+0000 2.00144203731879E+0001
-1.49007838058086E+0001
210 1.58676455644330E+0000 2.00142656023165E+0001
-1.48964125924661E+0001
211 1.57846934518601E+0000 2.00140993106479E+0001
-1.48919481584858E+0001
212 1.57035589946318E+0000 2.00139305033459E+0001
-1.48873905888641E+0001
213 1.56278743834246E+0000 2.00137538441467E+0001
-1.48827399703707E+0001
214 1.55556200881604E+0000 2.00135804026341E+0001
-1.48779963915466E+0001
215 1.54863477721062E+0000 2.00134124020062E+0001
-1.48731599427026E+0001
216 1.54197458071351E+0000 2.00132504977968E+0001
-1.48682307159179E+0001
217 1.53530121417075E+0000 2.00130944453175E+0001
-1.48632088050377E+0001
218 1.52888540139617E+0000 2.00129324642898E+0001
-1.48580943056720E+0001
219 1.52288648898825E+0000 2.00127655337920E+0001
-1.48528873151935E+0001
220 1.51700038376530E+0000 2.00126017984169E+0001
-1.48475879327359E+0001
221 1.51159923976594E+0000 2.00124362573948E+0001
-1.48421962591916E+0001
222 1.50620931511238E+0000 2.00122805504292E+0001
-1.48367123972105E+0001
223 1.50096134285223E+0000 2.00121256658839E+0001
-1.48311364511973E+0001
224 1.49601411824924E+0000 2.00119691163383E+0001
-1.48254685273100E+0001
225 1.49117613493736E+0000 2.00118157091124E+0001
-1.48197087334577E+0001
226 1.48649343230343E+0000 2.00116620706112E+0001
-1.48138571792985E+0001
227 1.48226498355845E+0000 2.00115073233723E+0001
-1.48079139762377E+0001
228 1.47790011158430E+0000 2.00113637541382E+0001
-1.48018792374253E+0001
229 1.47374376196480E+0000 2.00112178713018E+0001
-1.47957530777539E+0001
230 1.46987677632741E+0000 2.00110720889549E+0001
-1.47895356138569E+0001
231 1.46588459805997E+0000 2.00109323975872E+0001
-1.47832269641057E+0001
232 1.46234268828537E+0000 2.00107869105879E+0001
-1.47768272486080E+0001
233 1.45880889239887E+0000 2.00106493853970E+0001
-1.47703365892052E+0001
234 1.45530911783140E+0000 2.00105140135448E+0001
-1.47637551094699E+0001
235 1.45205398394254E+0000 2.00103766941349E+0001
-1.47570829347042E+0001
236 1.44890168077084E+0000 2.00102428233948E+0001
-1.47503201919366E+0001
237 1.44593108936954E+0000 2.00101115946304E+0001
-1.47434670099200E+0001
238 1.44295331552200E+0000 2.00099858383937E+0001
-1.47365235191291E+0001
239 1.44008464075542E+0000 2.00098603151511E+0001
-1.47294898517580E+0001
240 1.43728715758698E+0000 2.00097352841875E+0001
-1.47223661417174E+0001
241 1.43456813159793E+0000 2.00096095412407E+0001
-1.47151525246327E+0001
242 1.43216082417064E+0000 2.00094824372927E+0001
-1.47078491378407E+0001
243 1.42972268619227E+0000 2.00093635209378E+0001
-1.47004561203873E+0001
244 1.42748372571160E+0000 2.00092472324528E+0001
-1.46929736130249E+0001
245 1.42498853647100E+0000 2.00091383773306E+0001
-1.46854017582097E+0001
246 1.42279675759304E+0000 2.00090221012771E+0001
-1.46777407000989E+0001
247 1.42062015714179E+0000 2.00089085937804E+0001
-1.46699905845479E+0001
248 1.41856417045980E+0000 2.00087951866330E+0001
-1.46621515591079E+0001
249 1.41677109236225E+0000 2.00086840267400E+0001
-1.46542237730226E+0001
250 1.41469868523821E+0000 2.00085833514600E+0001
-1.46462073772255E+0001
251 1.41291644118745E+0000 2.00084777810069E+0001
-1.46381025243373E+0001
252 1.41098261175581E+0000 2.00083774153799E+0001
-1.46299093686628E+0001
253 1.40932829268297E+0000 2.00082729043045E+0001
-1.46216280661877E+0001
254 1.40767975078630E+0000 2.00081740579199E+0001
-1.46132587745762E+0001
255 1.40594328095341E+0000 2.00080784478578E+0001
-1.46048016531675E+0001
256 1.40436755018320E+0000 2.00079798865114E+0001
-1.45962568629730E+0001
257 1.40288650707594E+0000 2.00078833191089E+0001
-1.45876245666732E+0001
258 1.40144137233353E+0000 2.00077906402442E+0001
-1.45789049286146E+0001
259 1.39994982288373E+0000 2.00077011993672E+0001
-1.45700981148065E+0001
260 1.39852295574321E+0000 2.00076109475262E+0001
-1.45612042929179E+0001
261 1.39719900425678E+0000 2.00075209286234E+0001
-1.45522236322744E+0001
262 1.39589034257576E+0000 2.00074338341638E+0001
-1.45431563038548E+0001
263 1.39464149821789E+0000 2.00073485085905E+0001
-1.45340024802881E+0001
264 1.39339754475641E+0000 2.00072658504808E+0001
-1.45247623358497E+0001
265 1.39213956260139E+0000 2.00071844196423E+0001
-1.45154360464588E+0001
266 1.39096541524463E+0000 2.00071021219324E+0001
-1.45060237896744E+0001
267 1.38984454930628E+0000 2.00070212480505E+0001
-1.44965257446923E+0001
268 1.38868862417152E+0000 2.00069426958492E+0001
-1.44869420923417E+0001
269 1.38760506671496E+0000 2.00068635815689E+0001
-1.44772730150814E+0001
270 1.38666685502022E+0000 2.00067858597679E+0001
-1.44675186969968E+0001
271 1.38551847550278E+0000 2.00067145436019E+0001
-1.44576793237959E+0001
272 1.38464667442302E+0000 2.00066391572886E+0001
-1.44477550828064E+0001
273 1.38361535411510E+0000 2.00065707850108E+0001
-1.44377461629713E+0001
274 1.38266681012585E+0000 2.00065011819753E+0001
-1.44276527548462E+0001
275 1.38168154306561E+0000 2.00064330487186E+0001
-1.44174750505950E+0001
276 1.38075581973273E+0000 2.00063638383024E+0001
-1.44072132439864E+0001
277 1.37992396413410E+0000 2.00062953274731E+0001
-1.43968675303906E+0001
278 1.37898373366294E+0000 2.00062306913303E+0001
-1.43864381067749E+0001
279 1.37817286243058E+0000 2.00061642823408E+0001
-1.43759251717006E+0001
280 1.37734843180410E+0000 2.00061010291868E+0001
-1.43653289253188E+0001
281 1.37648450300859E+0000 2.00060394647848E+0001
-1.43546495693667E+0001
282 1.37572654366914E+0000 2.00059771390796E+0001
-1.43438873071639E+0001
283 1.37487996853418E+0000 2.00059180199521E+0001
-1.43330423436083E+0001
284 1.37408502769163E+0000 2.00058575219825E+0001
-1.43221148851725E+0001
285 1.37340091796950E+0000 2.00057973850752E+0001
-1.43111051398995E+0001
286 1.37262020576722E+0000 2.00057418039091E+0001
-1.43000133173989E+0001
287 1.37181894413440E+0000 2.00056858545839E+0001
-1.42888396288431E+0001
288 1.37107076080770E+0000 2.00056282075386E+0001
-1.42775842869630E+0001
289 1.37044246710384E+0000 2.00055707922065E+0001
-1.42662475060441E+0001
290 1.36974907476945E+0000 2.00055183026138E+0001
-1.42548295019223E+0001
291 1.36912864260088E+0000 2.00054672414048E+0001
-1.42433304919800E+0001
292 1.36836284988019E+0000 2.00054202730928E+0001
-1.42317506951418E+0001
293 1.36752768182454E+0000 2.00053705663819E+0001
-1.42200903318703E+0001
294 1.36689427963044E+0000 2.00053149903668E+0001
-1.42083496241620E+0001
295 1.36636204093668E+0000 2.00052622364085E+0001
-1.41965287955430E+0001
296 1.36566973885718E+0000 2.00052161591692E+0001
-1.41846280710650E+0001
297 1.36510513406268E+0000 2.00051692068003E+0001
-1.41726476773005E+0001
298 1.36433033525384E+0000 2.00051266510528E+0001
-1.41605878423389E+0001
299 1.36375938735476E+0000 2.00050789746797E+0001
-1.41484487957822E+0001
300 1.36304106628886E+0000 2.00050350088523E+0001
-1.41362307687403E+0001
301 1.36242160101747E+0000 2.00049879965190E+0001
-1.41239339938268E+0001
302 1.36193921708643E+0000 2.00049421663394E+0001
-1.41115587051545E+0001
303 1.36128178861813E+0000 2.00049031333522E+0001
-1.40991051383313E+0001
304 1.36063125261036E+0000 2.00048628090006E+0001
-1.40865735304549E+0001
305 1.35991815370852E+0000 2.00048214214857E+0001
-1.40739641201091E+0001
306 1.35949741101326E+0000 2.00047762160731E+0001
-1.40612771473590E+0001
307 1.35877060591175E+0000 2.00047398243137E+0001
-1.40485128537463E+0001
308 1.35825813720133E+0000 2.00046984637167E+0001
-1.40356714822846E+0001
309 1.35771995772675E+0000 2.00046615234246E+0001
-1.40227532774551E+0001
310 1.35697385425492E+0000 2.00046275307569E+0001
-1.40097584852020E+0001
311 1.35641676632865E+0000 2.00045873124227E+0001
-1.39966873529272E+0001
312 1.35581799114168E+0000 2.00045492798677E+0001
-1.39835401294863E+0001
313 1.35529274163030E+0000 2.00045114385544E+0001
-1.39703170651835E+0001
314 1.35479665301653E+0000 2.00044768657167E+0001
-1.39570184117669E+0001
315 1.35420351523360E+0000 2.00044465575835E+0001
-1.39436444224236E+0001
316 1.35344579788068E+0000 2.00044160551042E+0001
-1.39301953517752E+0001
317 1.35287406351628E+0000 2.00043782924923E+0001
-1.39166714558725E+0001
318 1.35231461025175E+0000 2.00043416632787E+0001
-1.39030729921911E+0001
319 1.35181414578363E+0000 2.00043065946186E+0001
-1.38894002196261E+0001
320 1.35133400250142E+0000 2.00042754978719E+0001
-1.38756533984873E+0001
321 1.35067130769784E+0000 2.00042489895415E+0001
-1.38618327904944E+0001
322 1.35004547595756E+0000 2.00042189682964E+0001
-1.38479386587720E+0001
323 1.34953369477186E+0000 2.00041872443836E+0001
-1.38339712678441E+0001
324 9.50253553301704E-0001 2.00041588218293E+0001
-1.38199308836299E+0001
325 5.50253553301704E-0001 1.99870434398611E+0001
-1.38058177734379E+0001
326 0.00000000000000E+0000 1.99538501352865E+0001
-1.37916322059616E+0001
327 0.00000000000000E+0000 1.98990788098278E+0001
-1.37773744512735E+0001
328 0.00000000000000E+0000 1.98475505049647E+0001
-1.37630447808208E+0001
329 0.00000000000000E+0000 1.97989468830761E+0001
-1.37486434674199E+0001
330 0.00000000000000E+0000 1.97529810987077E+0001
-1.37341707852508E+0001
331 0.00000000000000E+0000 1.97093946834098E+0001
-1.37196270098527E+0001
332 0.00000000000000E+0000 1.96679547387197E+0001
-1.37050124181181E+0001
333 0.00000000000000E+0000 1.96284514068089E+0001
-1.36903272882877E+0001
334 0.00000000000000E+0000 1.95906955913287E+0001
-1.36755718999452E+0001
335 0.00000000000000E+0000 1.95545169037049E+0001
-1.36607465340120E+0001
336 0.00000000000000E+0000 1.95197618125814E+0001
-1.36458514727416E+0001
337 0.00000000000000E+0000 1.94862919763159E+0001
-1.36308869997145E+0001
338 0.00000000000000E+0000 1.94539827404233E+0001
-1.36158533998328E+0001
339 0.00000000000000E+0000 1.94227217836471E+0001
-1.36007509593145E+0001
340 0.00000000000000E+0000 1.93924078979603E+0001
-1.35855799656883E+0001
341 0.00000000000000E+0000 1.93629498892447E+0001
-1.35703407077880E+0001
342 0.00000000000000E+0000 1.93342655867139E+0001
-1.35550334757472E+0001
343 0.00000000000000E+0000 1.93062809503210E+0001
-1.35396585609935E+0001
344 0.00000000000000E+0000 1.92789292664606E+0001
-1.35242162562431E+0001
345 0.00000000000000E+0000 1.92521504232296E+0001
-1.35087068554953E+0001
346 0.00000000000000E+0000 1.92258902573783E+0001
-1.34931306540266E+0001
347 0.00000000000000E+0000 1.92000999658592E+0001
-1.34774879483855E+0001
348 0.00000000000000E+0000 1.91747355755840E+0001
-1.34617790363865E+0001
349 0.00000000000000E+0000 1.91497574656321E+0001
-1.34460042171047E+0001
350 0.00000000000000E+0000 1.91251299367198E+0001
-1.34301637908700E+0001
351 0.00000000000000E+0000 1.91008208232581E+0001
-1.34142580592611E+0001
352 0.00000000000000E+0000 1.90768011437834E+0001
-1.33982873251004E+0001
353 0.00000000000000E+0000 1.90530447859686E+0001
-1.33822518924475E+0001
354 0.00000000000000E+0000 1.90295282227905E+0001
-1.33661520665940E+0001
355 0.00000000000000E+0000 1.90062302567740E+0001
-1.33499881540573E+0001
356 0.00000000000000E+0000 1.89831317895358E+0001
-1.33337604625751E+0001
357 3.83445953632554E-0001 1.89602156141228E+0001
-1.33174693010992E+0001
358 6.73675188962883E-0001 1.89538996259063E+0001
-1.33011149797898E+0001
359 8.66962862085390E-0001 1.89591747660823E+0001
-1.32846978100097E+0001
360 6.85517433221214E-0001 1.89712153578891E+0001
-1.32682181043180E+0001
361 6.12705006624863E-0001 1.89736092769891E+0001
-1.32516761764647E+0001
362 5.49691650353083E-0001 1.89716720792609E+0001
-1.32350723413842E+0001
363 7.47693058024483E-0001 1.89661351764231E+0001
-1.32184069151895E+0001
364 7.51431966958608E-0001 1.89684400830712E+0001
-1.32016802151664E+0001
365 7.71108052797327E-0001 1.89698104923485E+0001
-1.31848925597672E+0001
366 7.53527452331276E-0001 1.89710296998210E+0001
-1.31680442686045E+0001
367 7.49297334489941E-0001 1.89705497769293E+0001
-1.31511356624456E+0001
368 7.55884023088158E-0001 1.89690840005886E+0001
-1.31341670632059E+0001
369 7.77642690461449E-0001 1.89671883043492E+0001
-1.31171387939432E+0001
370 8.04096435178921E-0001 1.89655679314206E+0001
-1.31000511788511E+0001
371 8.01857648356445E-0001 1.89644340972370E+0001
-1.30829045432532E+0001
372 8.36011186215613E-0001 1.89625538640130E+0001
-1.30656992135966E+0001
373 8.06151513123626E-0001 1.89615587756984E+0001
-1.30484355174462E+0001
374 8.65918321816284E-0001 1.89586752600842E+0001
-1.30311137834777E+0001
375 0.00000000000000E+0000 1.89578842076785E+0001
-1.30137343414721E+0001
376 0.00000000000000E+0000 1.89194056042118E+0001
-1.29962975223088E+0001
377 1.15229793642750E+0000 1.88826673786668E+0001
-1.29788036579597E+0001
378 2.94403918874151E+0000 1.88968841522325E+0001
-1.29612530814829E+0001
379 9.33742847595187E-0001 1.89863024570703E+0001
-1.29436461270159E+0001
380 1.29902780378954E+0000 1.89834630209622E+0001
-1.29259831297698E+0001
381 3.51906468693276E-0001 1.89960226518702E+0001
-1.29082644260227E+0001
382 7.51846042187604E-0001 1.89668095396354E+0001
-1.28904903531131E+0001
383 8.18007392253998E-0001 1.89561431957729E+0001
-1.28726612494337E+0001
384 1.08877467953871E+0000 1.89485388140000E+0001
-1.28547774544249E+0001
385 1.08756636924996E+0000 1.89525720358194E+0001
-1.28368393085685E+0001
386 1.08811047831612E+0000 1.89558789737177E+0001
-1.28188471533809E+0001
387 1.03457303963806E+0000 1.89586060186622E+0001
-1.28008013314068E+0001
388 1.02532073910159E+0000 1.89584950587392E+0001
-1.27827021862126E+0001
389 1.02816807822079E+0000 1.89576388500254E+0001
-1.27645500623799E+0001
390 1.04767069516079E+0000 1.89566160563102E+0001
-1.27463453054991E+0001
391 1.06267730895102E+0000 1.89561630916832E+0001
-1.27280882621624E+0001
392 1.07341819132410E+0000 1.89560642089629E+0001
-1.27097792799576E+0001
393 1.07908034177802E+0000 1.89561275181766E+0001
-1.26914187074615E+0001
394 1.08341083216634E+0000 1.89561382954772E+0001
-1.26730068942327E+0001
395 4.09560767875446E-0001 1.89560553519695E+0001
-1.26545441908057E+0001
396 0.00000000000000E+0000 1.89268315870682E+0001
-1.26360309486838E+0001
397 2.21807129115565E+0000 1.88815785094087E+0001
-1.26174675203324E+0001
398 1.43564426605049E+0000 1.89338286197138E+0001
-1.25988542591724E+0001
399 1.65117126088067E+0000 1.89489650098426E+0001
-1.25801915195734E+0001
400 1.01321723107652E+0000 1.89721522882486E+0001
-1.25614796568472E+0001
401 1.04093398106676E+0000 1.89663689500623E+0001
-1.25427190272406E+0001
402 9.76450488275033E-0001 1.89619696766047E+0001
-1.25239099879290E+0001
403 1.10847585734855E+0000 1.89549128625958E+0001
-1.25050528970094E+0001
404 1.14059521856977E+0000 1.89537795141622E+0001
-1.24861481134935E+0001
405 1.17571032420671E+0000 1.89539189402291E+0001
-1.24671959973013E+0001
406 1.16190772887865E+0000 1.89553874554723E+0001
-1.24481969092537E+0001
407 1.15579894979892E+0000 1.89560157955985E+0001
-1.24291512110659E+0001
408 1.14821359945385E+0000 1.89561956535798E+0001
-1.24100592653406E+0001
409 1.15143240419811E+0000 1.89558995271248E+0001
-1.23909214355609E+0001
410 1.15577258048908E+0000 1.89556265511379E+0001
-1.23717380860835E+0001
411 1.16137646190061E+0000 1.89554291441850E+0001
-1.23525095821318E+0001
412 1.16498936087687E+0000 1.89553624670924E+0001
-1.23332362897887E+0001
413 1.16757058862187E+0000 1.89553387959968E+0001
-1.23139185759899E+0001
414 1.16939495580335E+0000 1.89553169457832E+0001
-1.22945568085169E+0001
415 1.17151595328064E+0000 1.89552698977792E+0001
-1.22751513559897E+0001
416 1.17335733812918E+0000 1.89552172198106E+0001
-1.22557025878603E+0001
417 1.17555357850380E+0000 1.89551523314555E+0001
-1.22362108744052E+0001
418 1.17756770714150E+0000 1.89550960378918E+0001
-1.22166765867184E+0001
419 1.17954977680470E+0000 1.89550446518039E+0001
-1.21971000967047E+0001
420 1.18122442041420E+0000 1.89550009835458E+0001
-1.21774817770723E+0001
421 1.18263757674148E+0000 1.89549557110623E+0001
-1.21578220013255E+0001
422 1.18439158540624E+0000 1.89549019010896E+0001
-1.21381211437583E+0001
423 1.18585985740597E+0000 1.89548586938560E+0001
-1.21183795794465E+0001
424 1.18729473495180E+0000 1.89548170383570E+0001
-1.20985976842411E+0001
425 1.18843905235549E+0000 1.89547791269818E+0001
-1.20787758347609E+0001
426 1.18978766697402E+0000 1.89547358591872E+0001
-1.20589144083853E+0001
427 1.19073417914190E+0000 1.89546997686582E+0001
-1.20390137832472E+0001
428 1.19193218926454E+0000 1.89546564940560E+0001
-1.20190743382258E+0001
429 1.19288802100461E+0000 1.89546204500278E+0001
-1.19990964529395E+0001
430 1.19393490160283E+0000 1.89545838782928E+0001
-1.19790805077383E+0001
431 1.19464615819715E+0000 1.89545536740934E+0001
-1.19590268836971E+0001
432 1.19550511885981E+0000 1.89545179133427E+0001
-1.19389359626079E+0001
433 1.19619833138356E+0000 1.89544860181296E+0001
-1.19188081269728E+0001
434 1.19686112702824E+0000 1.89544532862055E+0001
-1.18986437599969E+0001
435 1.19756297958860E+0000 1.89544210102291E+0001
-1.18784432455807E+0001
436 1.19807126601397E+0000 1.89543932832030E+0001
-1.18582069683128E+0001
437 1.19854723183234E+0000 1.89543638877930E+0001
-1.18379353134628E+0001
438 1.19894022556036E+0000 1.89543338167687E+0001
-1.18176286669737E+0001
439 1.19956526996683E+0000 1.89543017416996E+0001
-1.17972874154548E+0001
440 1.19976587981145E+0000 1.89542798317031E+0001
-1.17769119461743E+0001
441 1.20021243646491E+0000 1.89542512961599E+0001
-1.17565026470517E+0001
442 1.20031627660470E+0000 1.89542290439406E+0001
-1.17360599066507E+0001
443 1.20071730568637E+0000 1.89541998804811E+0001
-1.17155841141715E+0001
444 1.20073381705927E+0000 1.89541787823196E+0001
-1.16950756594437E+0001
445 1.20107460840925E+0000 1.89541505140959E+0001
-1.16745349329188E+0001
446 1.20097953497632E+0000 1.89541310977589E+0001
-1.16539623256626E+0001
447 1.20126625336076E+0000 1.89541029225476E+0001
-1.16333582293478E+0001
448 1.20121905462337E+0000 1.89540844516178E+0001
-1.16127230362467E+0001
449 1.20130565201194E+0000 1.89540622722085E+0001
-1.15920571392237E+0001
450 1.20120239531321E+0000 1.89540437989453E+0001
-1.15713609317277E+0001
451 1.20111633926290E+0000 1.89540220613211E+0001
-1.15506348077847E+0001
452 1.20109445015943E+0000 1.89539993430381E+0001
-1.15298791619900E+0001
453 1.20096874136007E+0000 1.89539797435899E+0001
-1.15090943895014E+0001
454 1.20082564442768E+0000 1.89539598629431E+0001
-1.14882808860310E+0001
455 1.20070694003174E+0000 1.89539401728994E+0001
-1.14674390478378E+0001
456 1.20050670516235E+0000 1.89539228615629E+0001
-1.14465692717204E+0001
457 1.20029673233008E+0000 1.89539054015531E+0001
-1.14256719550092E+0001
458 1.20001216545307E+0000 1.89538884599974E+0001
-1.14047474955591E+0001
459 1.19969914190633E+0000 1.89538698433364E+0001
-1.13837962917415E+0001
460 1.19948804094356E+0000 1.89538494313514E+0001
-1.13628187424373E+0001
461 1.19927755104612E+0000 1.89538326577520E+0001
-1.13418152470286E+0001
462 1.19881025032469E+0000 1.89538202438640E+0001
-1.13207862053919E+0001
463 1.19847702305073E+0000 1.89538018089287E+0001
-1.12997320178896E+0001
464 1.19812538249659E+0000 1.89537843329199E+0001
-1.12786530853633E+0001
465 1.19775210554051E+0000 1.89537677897804E+0001
-1.12575498091254E+0001
466 1.19735219281579E+0000 1.89537519885502E+0001
-1.12364225909518E+0001
467 1.19703966910551E+0000 1.89537365082886E+0001
-1.12152718330743E+0001
468 1.19649043407723E+0000 1.89537258136995E+0001
-1.11940979381730E+0001
469 1.19610989303602E+0000 1.89537101810596E+0001
-1.11729013093681E+0001
470 1.19561812399451E+0000 1.89536978374475E+0001
-1.11516823502130E+0001
471 1.19512617330032E+0000 1.89536844754363E+0001
-1.11304414646861E+0001
472 1.19458969678272E+0000 1.89536707919531E+0001
-1.11091790571832E+0001
473 1.19408214297130E+0000 1.89536555148949E+0001
-1.10878955325099E+0001
474 1.19364113858130E+0000 1.89536405737991E+0001
-1.10665912958738E+0001
475 1.19314593065589E+0000 1.89536293677519E+0001
-1.10452667528769E+0001
476 1.19247925265104E+0000 1.89536198936397E+0001
-1.10239223095077E+0001
477 1.19198833560296E+0000 1.89536052328725E+0001
-1.10025583721337E+0001
478 1.59268642832085E+0000 1.89535937534006E+0001
-1.09811753474935E+0001
479 2.19451482124063E+0000 1.89707795649176E+0001
-1.09597736426890E+0001
480 2.89542901770053E+0000 1.90127364372798E+0001
-1.09383536651778E+0001
481 3.94680031239037E+0000 1.90822432665578E+0001
-1.09169158227654E+0001
482 4.00000000000000E+0000 1.91927380941333E+0001
-1.08954605235975E+0001
483 4.00000000000000E+0000 1.92991022212112E+0001
-1.08739881761520E+0001
484 4.00000000000000E+0000 1.93995494579534E+0001
-1.08524991892314E+0001
485 4.00000000000000E+0000 1.94946634531922E+0001
-1.08309939719552E+0001
486 4.00000000000000E+0000 1.95849701242048E+0001
-1.08094729337515E+0001
487 4.00000000000000E+0000 1.96709433673738E+0001
-1.07879364843500E+0001
488 4.00000000000000E+0000 1.97530102039605E+0001
-1.07663850337737E+0001
489 4.00000000000000E+0000 1.98315554168697E+0001
-1.07448189923310E+0001
490 4.00000000000000E+0000 1.99069257287534E+0001
-1.07232387706084E+0001
491 3.76778899576983E+0000 1.99794335668267E+0001
-1.07016447794620E+0001
492 2.58561414066144E+0000 2.00394085550930E+0001
-1.06800374300105E+0001
493 2.28507539704754E+0000 2.00469972792886E+0001
-1.06584171336266E+0001
494 2.10209398751999E+0000 2.00432363788065E+0001
-1.06367843019295E+0001
495 2.18080426385068E+0000 2.00337963908040E+0001
-1.06151393467772E+0001
496 2.19853855428493E+0000 2.00301562050912E+0001
-1.05934826802585E+0001
497 2.20447194161602E+0000 2.00292576934637E+0001
-1.05718147146850E+0001
498 2.16523904332150E+0000 2.00303531869327E+0001
-1.05501358625836E+0001
499 2.12297501725419E+0000 2.00313197609169E+0001
-1.05284465366884E+0001
500 2.07993212652249E+0000 2.00319765981028E+0001
-1.05067471499329E+0001
501 2.04376484053450E+0000 2.00322523912482E+0001
-1.04850381154421E+0001
502 2.01077914548334E+0000 2.00324097108772E+0001
-1.04633198465247E+0001
503 1.98037633180181E+0000 2.00325381017957E+0001
-1.04415927566653E+0001
504 1.95073345508934E+0000 2.00326978212124E+0001
-1.04198572595164E+0001
505 1.92203744736516E+0000 2.00328692884875E+0001
-1.03981137688905E+0001
506 1.89411895092730E+0000 2.00330441436847E+0001
-1.03763626987523E+0001
507 1.86727783997532E+0000 2.00332091721268E+0001
-1.03546044632108E+0001
508 1.84131141848128E+0000 2.00333666172245E+0001
-1.03328394765115E+0001
509 1.81643282762021E+0000 2.00335116009251E+0001
-1.03110681530283E+0001
510 1.79240293897369E+0000 2.00336503178952E+0001
-1.02892909072559E+0001
511 1.76935587410923E+0000 2.00337799039212E+0001
-1.02675081538016E+0001
512 1.74720788905202E+0000 2.00339049371337E+0001
-1.02457203073777E+0001
513 1.72577196504407E+0000 2.00340275825397E+0001
-1.02239277827933E+0001
514 1.70511482169859E+0000 2.00341432669474E+0001
-1.02021309949467E+0001
515 1.68526923261544E+0000 2.00342519139149E+0001
-1.01803303588174E+0001
516 1.66615213244034E+0000 2.00343561521258E+0001
-1.01585262894579E+0001
517 1.64776640730150E+0000 2.00344561358479E+0001
-1.01367192019864E+0001
518 1.63006160199725E+0000 2.00345533369136E+0001
-1.01149095115784E+0001
519 1.61283390788613E+0000 2.00346481322067E+0001
-1.00930976334589E+0001
520 1.59640838216870E+0000 2.00347332565449E+0001
-1.00712839828947E+0001
521 1.58064246815878E+0000 2.00348168910678E+0001
-1.00494689751862E+0001
522 1.56521644963655E+0000 2.00349016243911E+0001
-1.00276530256597E+0001
523 1.55046563521776E+0000 2.00349771798092E+0001
-1.00058365496595E+0001
524 1.53624401767684E+0000 2.00350492381301E+0001
-9.98401996253978E+0000
525 1.52263073760520E+0000 2.00351177779091E+0001
-9.96220367965694E+0000
526 1.50945832017598E+0000 2.00351870497602E+0001
-9.94038811636155E+0000
527 1.49665733183636E+0000 2.00352547130211E+0001
-9.91857368799050E+0000
528 1.48427261612184E+0000 2.00353164156374E+0001
-9.89676080985905E+0000
529 1.47261264677748E+0000 2.00353707769411E+0001
-9.87494989725297E+0000
530 1.46108661298909E+0000 2.00354304648723E+0001
-9.85314136542059E+0000
531 1.45011109166359E+0000 2.00354827682403E+0001
-9.83133562956492E+0000
532 1.43945434430444E+0000 2.00355343163938E+0001
-9.80953310483573E+0000
533 1.42926817050721E+0000 2.00355820604786E+0001
-9.78773420632168E+0000
534 1.41936076725304E+0000 2.00356302894932E+0001
-9.76593934904237E+0000
535 1.40970689229247E+0000 2.00356754258475E+0001
-9.74414894794046E+0000
536 1.40065049011300E+0000 2.00357136284187E+0001
-9.72236341787378E+0000
537 1.39166936479099E+0000 2.00357565993961E+0001
-9.70058317360741E+0000
538 1.38303700195949E+0000 2.00357934871910E+0001
-9.67880862980583E+0000
539 1.37489780600394E+0000 2.00358263655710E+0001
-9.65704020102494E+0000
540 1.36683513691543E+0000 2.00358638690463E+0001
-9.63527830170426E+0000
541 1.35908478358713E+0000 2.00358967342715E+0001
-9.61352334615898E+0000
542 1.35155800273688E+0000 2.00359268515214E+0001
-9.59177574857210E+0000
543 1.34441439995153E+0000 2.00359526373743E+0001
-9.57003592298652E+0000
544 1.33747620272478E+0000 2.00359798767183E+0001
-9.54830428329719E+0000
545 1.33073539603343E+0000 2.00360067949024E+0001
-9.52658124324319E+0000
546 1.32424307902955E+0000 2.00360317904049E+0001
-9.50486721639991E+0000
547 1.31790894540483E+0000 2.00360559378441E+0001
-9.48316261617111E+0000
548 1.31179219839247E+0000 2.00360767461320E+0001
-9.46146785578109E+0000
549 1.30589109806619E+0000 2.00360947711322E+0001
-9.43978334826682E+0000
550 1.30031646392821E+0000 2.00361107987804E+0001
-9.41810950647007E+0000
551 1.29468704399876E+0000 2.00361306431968E+0001
-9.39644674302953E+0000
552 1.28939962866621E+0000 2.00361437410320E+0001
-9.37479547037301E+0000
553 1.28420407412376E+0000 2.00361574938915E+0001
-9.35315610070951E+0000
554 1.27937716950030E+0000 2.00361684127930E+0001
-9.33152904602145E+0000
555 1.27432066618993E+0000 2.00361853698511E+0001
-9.30991471805678E+0000
556 1.26973144189372E+0000 2.00361913252879E+0001
-9.28831352832114E+0000
557 1.26526377624422E+0000 2.00362004197185E+0001
-9.26672588807004E+0000
558 1.26092235414960E+0000 2.00362113440273E+0001
-9.24515220830105E+0000
559 1.25654772300700E+0000 2.00362233205247E+0001
-9.22359289974591E+0000
560 1.25251406374202E+0000 2.00362290233954E+0001
-9.20204837286280E+0000
561 1.24840221275624E+0000 2.00362378361727E+0001
-9.18051903782845E+0000
562 1.24458076785429E+0000 2.00362408087675E+0001
-9.15900530453036E+0000
563 1.24083178781606E+0000 2.00362455480666E+0001
-9.13750758255901E+0000
564 1.23717219408954E+0000 2.00362500440685E+0001
-9.11602628120003E+0000
565 1.23369802665750E+0000 2.00362533308649E+0001
-9.09456180942643E+0000
566 1.23016230109643E+0000 2.00362588016505E+0001
-9.07311457589082E+0000
567 1.22686580801934E+0000 2.00362592330168E+0001
-9.05168498891761E+0000
568 1.22364580924765E+0000 2.00362609080931E+0001
-9.03027345649524E+0000
569 1.22033757970234E+0000 2.00362629056699E+0001
-9.00888038626843E+0000
570 1.21747621618538E+0000 2.00362574619420E+0001
-8.98750618553040E+0000
571 1.21446621492425E+0000 2.00362603709243E+0001
-8.96615126121512E+0000
572 1.21148087663700E+0000 2.00362610727564E+0001
-8.94481601988956E+0000
573 1.20866481323241E+0000 2.00362572374529E+0001
-8.92350086774597E+0000
574 1.20597404259814E+0000 2.00362530041191E+0001
-8.90220621059412E+0000
575 1.20327043534572E+0000 2.00362504942752E+0001
-8.88093245385358E+0000
576 1.20067651846432E+0000 2.00362459045949E+0001
-8.85968000254602E+0000
577 1.19823252696383E+0000 2.00362410384901E+0001
-8.83844926128747E+0000
578 1.19577187734538E+0000 2.00362394245558E+0001
-8.81724063428065E+0000
579 1.19324962009189E+0000 2.00362373477522E+0001
-8.79605452530724E+0000
580 1.19100790956893E+0000 2.00362295068995E+0001
-8.77489133772023E+0000
581 1.18861833415916E+0000 2.00362256884123E+0001
-8.75375147443618E+0000
582 1.18654129610069E+0000 2.00362168077654E+0001
-8.73263533792763E+0000
583 1.18440863085341E+0000 2.00362141690438E+0001
-8.71154333021539E+0000
584 1.18210876368376E+0000 2.00362126892715E+0001
-8.69047585286086E+0000
585 1.18014759998861E+0000 2.00362029151840E+0001
-8.66943330695846E+0000
586 1.17812849027552E+0000 2.00361977369996E+0001
-8.64841609312792E+0000
587 1.17618513045303E+0000 2.00361923227016E+0001
-8.62742461150670E+0000
588 1.17421292871788E+0000 2.00361879527740E+0001
-8.60645926174236E+0000
589 1.17221591849916E+0000 2.00361814213548E+0001
-8.58552044298492E+0000
590 1.17044321039148E+0000 2.00361699646674E+0001
-8.56460855387933E+0000
591 1.16867674395183E+0000 2.00361617271832E+0001
-8.54372399255779E+0000
592 1.16681035306389E+0000 2.00361550673290E+0001
-8.52286715663226E+0000
593 1.16511482643815E+0000 2.00361439650096E+0001
-8.50203844318683E+0000
594 1.16355093848395E+0000 2.00361344367216E+0001
-8.48123824877017E+0000
595 1.16174758238850E+0000 2.00361305003791E+0001
-8.46046696938801E+0000
596 1.16009576973665E+0000 2.00361200853341E+0001
-8.43972500049556E+0000
597 1.15872143864265E+0000 2.00361086805321E+0001
-8.41901273699002E+0000
598 1.15700867232130E+0000 2.00361068753065E+0001
-8.39833057320301E+0000
599 1.15549585707914E+0000 2.00360982663155E+0001
-8.37767890289314E+0000
600 1.15375448211649E+0000 2.00360905927385E+0001
-8.35705811923843E+0000
601 1.15245148750018E+0000 2.00360727882474E+0001
-8.33646861482888E+0000
602 1.15101661291311E+0000 2.00360630898846E+0001
-8.31591078165898E+0000
603 1.14977737645363E+0000 2.00360542046811E+0001
-8.29538501112023E+0000
604 1.14803687686544E+0000 2.00360533805545E+0001
-8.27489169399372E+0000
605 1.14686645222363E+0000 2.00360375986272E+0001
-8.25443122044267E+0000
606 1.14541034203007E+0000 2.00360312118349E+0001
-8.23400398000499E+0000
607 1.14409215233079E+0000 2.00360204171289E+0001
-8.21361036158591E+0000
608 1.14280795406196E+0000 2.00360104632413E+0001
-8.19325075345052E+0000
609 1.14137277932775E+0000 2.00360018487382E+0001
-8.17292554321641E+0000
610 1.14029455149174E+0000 2.00359871491029E+0001
-8.15263511784628E+0000
611 1.13890898634062E+0000 2.00359811940348E+0001
-8.13237986364059E+0000
612 7.40680861774135E-0001 2.00359694572943E+0001
-8.11216016623019E+0000
613 3.40680861774135E-0001 2.00189439792166E+0001
-8.09197641056895E+0000
614 0.00000000000000E+0000 1.99858634707124E+0001
-8.07182898092650E+0000
615 0.00000000000000E+0000 1.99402075343313E+0001
-8.05171826088086E+0000
616 0.00000000000000E+0000 1.98972671280114E+0001
-8.03164463331114E+0000
617 0.00000000000000E+0000 1.98567761281870E+0001
-8.01160848039028E+0000
618 0.00000000000000E+0000 1.98184947312412E+0001
-7.99161018357774E+0000
619 0.00000000000000E+0000 1.97822068499685E+0001
-7.97165012361228E+0000
620 0.00000000000000E+0000 1.97477177675731E+0001
-7.95172868050467E+0000
621 0.00000000000000E+0000 1.97148520237304E+0001
-7.93184623353045E+0000
622 0.00000000000000E+0000 1.96834515097538E+0001
-7.91200316122278E+0000
623 0.00000000000000E+0000 1.96533737521845E+0001
-7.89219984136512E+0000
624 0.00000000000000E+0000 1.96244903661652E+0001
-7.87243665098416E+0000
625 0.00000000000000E+0000 1.95966856618027E+0001
-7.85271396634255E+0000
626 0.00000000000000E+0000 1.95698553883868E+0001
-7.83303216293178E+0000
627 0.00000000000000E+0000 1.95439056028281E+0001
-7.81339161546500E+0000
628 0.00000000000000E+0000 1.95187516500283E+0001
-7.79379269786994E+0000
629 0.00000000000000E+0000 1.94943172441098E+0001
-7.77423578328173E+0000
630 0.00000000000000E+0000 1.94705336405284E+0001
-7.75472124403584E+0000
631 0.00000000000000E+0000 1.94473388900794E+0001
-7.73524945166096E+0000
632 0.00000000000000E+0000 1.94246771666954E+0001
-7.71582077687196E+0000
633 0.00000000000000E+0000 1.94024981617374E+0001
-7.69643558956279E+0000
634 0.00000000000000E+0000 1.93807565382014E+0001
-7.67709425879948E+0000
635 0.00000000000000E+0000 1.93594114389140E+0001
-7.65779715281308E+0000
636 0.00000000000000E+0000 1.93384260433762E+0001
-7.63854463899268E+0000
637 0.00000000000000E+0000 1.93177671684431E+0001
-7.61933708387839E+0000
638 0.00000000000000E+0000 1.92974049085046E+0001
-7.60017485315437E+0000
639 0.00000000000000E+0000 1.92773123112576E+0001
-7.58105831164188E+0000
640 0.00000000000000E+0000 1.92574650855511E+0001
-7.56198782329230E+0000
641 0.00000000000000E+0000 1.92378413381302E+0001
-7.54296375118024E+0000
642 0.00000000000000E+0000 1.92184213364214E+0001
-7.52398645749663E+0000
643 0.00000000000000E+0000 1.91991872947824E+0001
-7.50505630354176E+0000
644 0.00000000000000E+0000 1.91801231818959E+0001
-7.48617364971849E+0000
645 0.00000000000000E+0000 1.91612145472155E+0001
-7.46733885552533E+0000
646 0.00000000000000E+0000 1.91424483645798E+0001
-7.44855227954961E+0000
647 0.00000000000000E+0000 1.91238128912954E+0001
-7.42981427946065E+0000
648 0.00000000000000E+0000 1.91052975411592E+0001
-7.41112521200297E+0000
649 0.00000000000000E+0000 1.90868927700418E+0001
-7.39248543298947E+0000
650 0.00000000000000E+0000 1.90685899727881E+0001
-7.37389529729467E+0000
651 0.00000000000000E+0000 1.90503813903169E+0001
-7.35535515884796E+0000
652 2.13210747419711E-0001 1.90322600259097E+0001
-7.33686537062686E+0000
653 4.14429075126264E-0001 1.90233571732410E+0001
-7.31842628465027E+0000
654 4.91063640957701E-0001 1.90225970922043E+0001
-7.30003825197182E+0000
655 5.12865529219146E-0001 1.90241653107364E+0001
-7.28170162267314E+0000
656 5.13608948247597E-0001 1.90256084025991E+0001
-7.26341674585722E+0000
657 5.21734401197990E-0001 1.90260735654454E+0001
-7.24518396964176E+0000
658 5.36699164905879E-0001 1.90259768543855E+0001
-7.22700364115254E+0000
659 5.56603850320690E-0001 1.90256819453320E+0001
-7.20887610651680E+0000
660 5.76368807231113E-0001 1.90254462801000E+0001
-7.19080171085667E+0000
661 5.95065933474505E-0001 1.90252921722714E+0001
-7.17278079828260E+0000
662 6.12047167234793E-0001 1.90251996978980E+0001
-7.15481371188678E+0000
663 6.28146466126644E-0001 1.90251213615290E+0001
-7.13690079373664E+0000
664 6.43401004708411E-0001 1.90250472826986E+0001
-7.11904238486831E+0000
665 6.58286738061020E-0001 1.90249686894776E+0001
-7.10123882528017E+0000
666 6.72472466755576E-0001 1.90248966752892E+0001
-7.08349045392632E+0000
667 6.86227755965577E-0001 1.90248264188123E+0001
-7.06579760871017E+0000
668 6.99323854770194E-0001 1.90247639654387E+0001
-7.04816062647799E+0000
669 7.11943928159568E-0001 1.90247042364183E+0001
-7.03057984301249E+0000
670 7.23965275584819E-0001 1.90246494101029E+0001
-7.01305559302646E+0000
671 7.35650497535444E-0001 1.90245953950483E+0001
-6.99558821015634E+0000
672 7.46641371063895E-0001 1.90245487634745E+0001
-6.97817802695594E+0000
673 7.57268472487425E-0001 1.90244995187097E+0001
-6.96082537489005E+0000
674 7.67680513523330E-0001 1.90244516701503E+0001
-6.94353058432814E+0000
675 7.77310217594552E-0001 1.90244145935876E+0001
-6.92629398453810E+0000
676 7.86866286508530E-0001 1.90243720581228E+0001
-6.90911590367994E+0000
677 7.95783054730015E-0001 1.90243385188121E+0001
-6.89199666879956E+0000
678 8.04466784771635E-0001 1.90243026223908E+0001
-6.87493660582252E+0000
679 8.12600767123586E-0001 1.90242704916075E+0001
-6.85793603954782E+0000
680 8.20793172977350E-0001 1.90242336753890E+0001
-6.84099529364174E+0000
681 8.28280421128945E-0001 1.90242097118301E+0001
-6.82411469063166E+0000
682 8.35404011567343E-0001 1.90241817606326E+0001
-6.80729455189993E+0000
683 8.42642571041678E-0001 1.90241481187569E+0001
-6.79053519767775E+0000
684 8.49088325107048E-0001 1.90241271577399E+0001
-6.77383694703906E+0000
685 8.55716177817788E-0001 1.90240967018735E+0001
-6.75720011789448E+0000
686 8.61726939087429E-0001 1.90240772443996E+0001
-6.74062502698527E+0000
687 8.67746010523287E-0001 1.90240532852710E+0001
-6.72411198987725E+0000
688 8.73168612690721E-0001 1.90240366416325E+0001
-6.70766132095485E+0000
689 8.78620175953566E-0001 1.90240120444168E+0001
-6.69127333341510E+0000
690 8.83860361728753E-0001 1.90239915544103E+0001
-6.67494833926166E+0000
691 8.88661665812373E-0001 1.90239757752809E+0001
-6.65868664929887E+0000
692 8.93400173922564E-0001 1.90239551448598E+0001
-6.64248857312589E+0000
693 8.98021672581334E-0001 1.90239364379822E+0001
-6.62635441913072E+0000
694 9.02176586986250E-0001 1.90239233229984E+0001
-6.61028449448441E+0000
695 9.06476371845921E-0001 1.90239039223423E+0001
-6.59427910513515E+0000
696 9.10268225605890E-0001 1.90238929671773E+0001
-6.57833855580249E+0000
697 9.14021733962290E-0001 1.90238759807902E+0001
-6.56246314997151E+0000
698 9.17656267540235E-0001 1.90238592050802E+0001
-6.54665318988705E+0000
699 9.21129332175401E-0001 1.90238447369880E+0001
-6.53090897654797E+0000
700 9.24393913660753E-0001 1.90238324413806E+0001
-6.51523080970138E+0000
701 9.27479146191614E-0001 1.90238199089297E+0001
-6.49961898783699E+0000
702 9.30553644782469E-0001 1.90238058680469E+0001
-6.48407380818138E+0000
703 9.33279658264779E-0001 1.90237960978285E+0001
-6.46859556669236E+0000
704 9.36111267475660E-0001 1.90237813044311E+0001
-6.45318455805335E+0000
705 9.38721043333590E-0001 1.90237719967807E+0001
-6.43784107566772E+0000
706 9.41115239644238E-0001 1.90237637754940E+0001
-6.42256541165327E+0000
707 9.43395950001033E-0001 1.90237525740504E+0001
-6.40735785683662E+0000
708 9.45736724907636E-0001 1.90237387437155E+0001
-6.39221870074770E+0000
709 9.47757900774172E-0001 1.90237298457363E+0001
-6.37714823161421E+0000
710 9.50046346381064E-0001 1.90237165121714E+0001
-6.36214673635616E+0000
711 9.51809769641146E-0001 1.90237149239315E+0001
-6.34721450058040E+0000
712 9.53544227033521E-0001 1.90237061342670E+0001
-6.33235180857517E+0000
713 9.55314969375862E-0001 1.90236934657905E+0001
-6.31755894330471E+0000
714 9.57057845080548E-0001 1.90236826542522E+0001
-6.30283618640384E+0000
715 9.58493854261784E-0001 1.90236761704747E+0001
-6.28818381817263E+0000
716 9.60136429717364E-0001 1.90236642308339E+0001
-6.27360211757106E+0000
717 9.61517921342272E-0001 1.90236595157646E+0001
-6.25909136221368E+0000
718 9.62874422865852E-0001 1.90236537390729E+0001
-6.24465182836436E+0000
719 9.64011411079656E-0001 1.90236491193051E+0001
-6.23028379093101E+0000
720 9.65236117954920E-0001 1.90236392710110E+0001
-6.21598752346036E+0000
721 9.66399674106995E-0001 1.90236312423405E+0001
-6.20176329813272E+0000
722 9.67398815118369E-0001 1.90236251403947E+0001
-6.18761138575684E+0000
723 9.68547871029545E-0001 1.90236165293788E+0001
-6.17353205576474E+0000
724 9.69317554418149E-0001 1.90236146084937E+0001
-6.15952557620656E+0000
725 9.70247970017605E-0001 1.90236052210507E+0001
-6.14559221374549E+0000
726 9.71158196691088E-0001 1.90235981323441E+0001
-6.13173223365266E+0000
727 9.71929699253987E-0001 1.90235946436363E+0001
-6.11794589980211E+0000
728 9.72568719837141E-0001 1.90235908077851E+0001
-6.10423347466577E+0000
729 9.73141030825278E-0001 1.90235831026628E+0001
-6.09059521930844E+0000
730 9.73942015693769E-0001 1.90235709507323E+0001
-6.07703139338286E+0000
731 9.74473647424210E-0001 1.90235663756687E+0001
-6.06354225512470E+0000
732 1.37369181579676E+0000 1.90235592344500E+0001
-6.05012806134773E+0000
733 2.03026886184757E+0000 1.90406380509881E+0001
-6.03678906743885E+0000
734 2.75855738487298E+0000 1.90847944099480E+0001
-6.02352552735328E+0000
735 3.85099016941108E+0000 1.91574945900601E+0001
-6.01033769360970E+0000
736 4.00000000000000E+0000 1.92727089173794E+0001
-5.99722581728547E+0000
737 4.00000000000000E+0000 1.93875803942583E+0001
-5.98419014801180E+0000
738 4.00000000000000E+0000 1.94959975439133E+0001
-5.97123093396904E+0000
739 4.00000000000000E+0000 1.95985963327364E+0001
-5.95834842188196E+0000
740 4.00000000000000E+0000 1.96959498149941E+0001
-5.94554285701501E+0000
741 4.00000000000000E+0000 1.97885743559556E+0001
-5.93281448316769E+0000
742 4.00000000000000E+0000 1.98769352394418E+0001
-5.92016354266988E+0000
743 2.40882980521468E+0000 1.99614517206869E+0001
-5.90759027637727E+0000
744 2.04416019914284E+0000 1.99743085710330E+0001
-5.89509492366671E+0000
745 1.85762749148874E+0000 1.99725605398873E+0001
-5.88267772243171E+0000
746 1.91726455541639E+0000 1.99646911313426E+0001
-5.87033890907789E+0000
747 1.93122421522487E+0000 1.99615513376558E+0001
-5.85807871851846E+0000
748 1.91904443128321E+0000 1.99608128012918E+0001
-5.84589738416977E+0000
749 1.88468141395858E+0000 1.99611402441886E+0001
-5.83379513794688E+0000
750 1.84820737964176E+0000 1.99614573646482E+0001
-5.82177221025911E+0000
751 1.81361230666474E+0000 1.99616183875916E+0001
-5.80982883000568E+0000
752 1.78226374637224E+0000 1.99616595454389E+0001
-5.79796522457131E+0000
753 1.75264956558483E+0000 1.99616751951946E+0001
-5.78618161982197E+0000
754 1.72423112645256E+0000 1.99616908824720E+0001
-5.77447824010050E+0000
755 1.69698785316035E+0000 1.99617093992815E+0001
-5.76285530822237E+0000
756 1.67053474894275E+0000 1.99617343568972E+0001
-5.75131304547147E+0000
757 1.64522694005934E+0000 1.99617544518825E+0001
-5.73985167159583E+0000
758 1.62092383724411E+0000 1.99617760316754E+0001
-5.72847140480349E+0000
759 1.59726186833121E+0000 1.99618006820344E+0001
-5.71717246175833E+0000
760 1.57478832626553E+0000 1.99618159110448E+0001
-5.70595505757593E+0000
761 1.55312477230026E+0000 1.99618349845589E+0001
-5.69481940581951E+0000
762 1.53219331518378E+0000 1.99618555960834E+0001
-5.68376571849581E+0000
763 1.51210088708343E+0000 1.99618736691520E+0001
-5.67279420605112E+0000
764 1.49271616380659E+0000 1.99618913254513E+0001
-5.66190507736721E+0000
765 1.47420615374499E+0000 1.99619062343299E+0001
-5.65109853975739E+0000
766 1.45616918492323E+0000 1.99619246237487E+0001
-5.64037479896258E+0000
767 1.43893886000787E+0000 1.99619363332919E+0001
-5.62973405914733E+0000
768 1.42256462465772E+0000 1.99619472908708E+0001
-5.61917652289598E+0000
769 1.40657128569838E+0000 1.99619662867714E+0001
-5.60870239120883E+0000
770 1.39118410460981E+0000 1.99619822857492E+0001
-5.59831186349822E+0000
771 1.37625583555989E+0000 1.99619956315397E+0001
-5.58800513758483E+0000
772 1.36233161465037E+0000 1.99620013236816E+0001
-5.57778240969388E+0000
773 1.34840795439941E+0000 1.99620189788031E+0001
-5.56764387445135E+0000
774 1.33553281984572E+0000 1.99620249146636E+0001
-5.55758972488035E+0000
775 1.32260183259296E+0000 1.99620427146068E+0001
-5.54762015239739E+0000
776 1.31063328043959E+0000 1.99620480182550E+0001
-5.53773534680876E+0000
777 1.29879262818120E+0000 1.99620624328178E+0001
-5.52793549630691E+0000
778 1.28738658500136E+0000 1.99620712404245E+0001
-5.51822078746687E+0000
779 1.27674796079540E+0000 1.99620745394631E+0001
-5.50859140524269E+0000
780 1.26619075499549E+0000 1.99620873977308E+0001
-5.49904753296393E+0000
781 1.25618448221510E+0000 1.99620952507691E+0001
-5.48958935233216E+0000
782 1.24646657181690E+0000 1.99621052352674E+0001
-5.48021704341750E+0000
783 1.23713744172145E+0000 1.99621134331066E+0001
-5.47093078465521E+0000
784 1.22791597508318E+0000 1.99621210926185E+0001
-5.46173075284227E+0000
785 1.21949820210032E+0000 1.99621179295132E+0001
-5.45261712313402E+0000
786 1.21120858535859E+0000 1.99621246864061E+0001
-5.44359006904083E+0000
787 1.20323259203567E+0000 1.99621324174490E+0001
-5.43464976242481E+0000
788 1.19538546462033E+0000 1.99621412224423E+0001
-5.42579637349650E+0000
789 1.18791985578184E+0000 1.99621437876634E+0001
-5.41703007081166E+0000
790 1.18099948132122E+0000 1.99621445636231E+0001
-5.40835102126807E+0000
791 1.17382270161846E+0000 1.99621552017620E+0001
-5.39975939010231E+0000
792 1.16746322921228E+0000 1.99621527363974E+0001
-5.39125534088666E+0000
793 1.16094995997788E+0000 1.99621620729935E+0001
-5.38283903552595E+0000
794 1.15474158884224E+0000 1.99621653695306E+0001
-5.37451063425452E+0000
795 1.14889625305051E+0000 1.99621659571583E+0001
-5.36627029563311E+0000
796 1.14314864542751E+0000 1.99621698274020E+0001
-5.35811817654590E+0000
797 1.13758754478713E+0000 1.99621716015915E+0001
-5.35005443219747E+0000
798 1.13235231524026E+0000 1.99621703975239E+0001
-5.34207921610991E+0000
799 1.12731984070257E+0000 1.99621716973229E+0001
-5.33419268011982E+0000
800 1.12233166209389E+0000 1.99621756958577E+0001
-5.32639497437548E+0000
801 1.11760159249235E+0000 1.99621761078604E+0001
-5.31868624733398E+0000
802 1.11309353072477E+0000 1.99621765047459E+0001
-5.31106664575835E+0000
803 1.10853728311732E+0000 1.99621789777093E+0001
-5.30353631471485E+0000
804 1.10451900259662E+0000 1.99621741924351E+0001
-5.29609539757010E+0000
805 1.10035964506800E+0000 1.99621787788709E+0001
-5.28874403598845E+0000
806 1.09623812172538E+0000 1.99621794963319E+0001
-5.28148236992922E+0000
807 1.09270152727972E+0000 1.99621718495209E+0001
-5.27431053764408E+0000
808 1.08900331724703E+0000 1.99621752947295E+0001
-5.26722867567436E+0000
809 1.08543447645292E+0000 1.99621763212771E+0001
-5.26023691884852E+0000
810 1.08203292413513E+0000 1.99621749596894E+0001
-5.25333540027952E+0000
811 1.07872811921272E+0000 1.99621730713800E+0001
-5.24652425136233E+0000
812 1.07565868015272E+0000 1.99621695809498E+0001
-5.23980360177140E+0000
813 1.07260848696769E+0000 1.99621696154187E+0001
-5.23317357945822E+0000
814 1.06965788912501E+0000 1.99621689136197E+0001
-5.22663431064886E+0000
815 1.06665499894881E+0000 1.99621671079013E+0001
-5.22018591984156E+0000
816 1.06424047787024E+0000 1.99621575170077E+0001
-5.21382852980440E+0000
817 1.06150282916218E+0000 1.99621614891287E+0001
-5.20756226157291E+0000
818 1.05884868220576E+0000 1.99621601533056E+0001
-5.20138723444781E+0000
819 1.05658192134548E+0000 1.99621534014889E+0001
-5.19530356599271E+0000
820 1.05420293962189E+0000 1.99621542928235E+0001
-5.18931137203190E+0000
821 1.05169044642511E+0000 1.99621538114291E+0001
-5.18341076664811E+0000
822 1.04980774905533E+0000 1.99621427339168E+0001
-5.17760186218035E+0000
823 1.04757361207647E+0000 1.99621452409296E+0001
-5.17188476922180E+0000
824 1.04545190351152E+0000 1.99621420919983E+0001
-5.16625959661767E+0000
825 1.04347467362035E+0000 1.99621352524176E+0001
-5.16072645146313E+0000
826 1.04175301796493E+0000 1.99621280461696E+0001
-5.15528543910130E+0000
827 1.03994735147646E+0000 1.99621284613362E+0001
-5.14993666312119E+0000
828 1.03814079472794E+0000 1.99621295549082E+0001
-5.14468022535581E+0000
829 1.03628462129891E+0000 1.99621284914906E+0001
-5.13951622588014E+0000
830 1.03480789788780E+0000 1.99621206220745E+0001
-5.13444476300929E+0000
831 1.03300196498006E+0000 1.99621200608005E+0001
-5.12946593329661E+0000
832 1.03166843043057E+0000 1.99621097691884E+0001
-5.12457983153184E+0000
833 1.03014680636957E+0000 1.99621082070707E+0001
-5.11978655073930E+0000
834 1.02880013949873E+0000 1.99621044678482E+0001
-5.11508618217617E+0000
835 1.02730716404651E+0000 1.99621039712366E+0001
-5.11047881533067E+0000
836 1.02600973623264E+0000 1.99620981130199E+0001
-5.10596453792044E+0000
837 1.02479969726175E+0000 1.99620935475509E+0001
-5.10154343589080E+0000
838 1.02337511853536E+0000 1.99620919498326E+0001
-5.09721559341317E+0000
839 1.02235466923200E+0000 1.99620820270058E+0001
-5.09298109288344E+0000
840 1.02115498511350E+0000 1.99620797626994E+0001
-5.08884001492037E+0000
841 1.02000769656179E+0000 1.99620752125697E+0001
-5.08479243836414E+0000
842 1.01906570580841E+0000 1.99620690453731E+0001
-5.08083844027477E+0000
843 1.01792201147256E+0000 1.99620684971015E+0001
-5.07697809593067E+0000
844 1.01695756195336E+0000 1.99620629748492E+0001
-5.07321147882724E+0000
845 1.01596216148976E+0000 1.99620589255724E+0001
-5.06953866067544E+0000
846 1.01498436574716E+0000 1.99620534374060E+0001
-5.06595971140044E+0000
847 1.01425214241517E+0000 1.99620459117039E+0001
-5.06247469914026E+0000
848 1.01333017332053E+0000 1.99620456025446E+0001
-5.05908369024453E+0000
849 1.01240373450372E+0000 1.99620425874200E+0001
-5.05578674927315E+0000
850 1.01170897817047E+0000 1.99620355506913E+0001
-5.05258393899514E+0000
851 1.01073320597295E+0000 1.99620334150482E+0001
-5.04947532038738E+0000
852 1.01021816228006E+0000 1.99620226203708E+0001
-5.04646095263350E+0000
853 1.00940101394160E+0000 1.99620222729614E+0001
-5.04354089312270E+0000
854 1.00868872464144E+0000 1.99620176425790E+0001
-5.04071519744872E+0000
855 1.00796526046566E+0000 1.99620123988150E+0001
-5.03798391940872E+0000
856 1.00733180164984E+0000 1.99620050409970E+0001
-5.03534711100231E+0000
857 1.00681462791508E+0000 1.99619985294142E+0001
-5.03280482243051E+0000
858 1.00622430736975E+0000 1.99619967990836E+0001
-5.03035710209483E+0000
859 1.00549889669414E+0000 1.99619954613193E+0001
-5.02800399659634E+0000
860 1.00498935267351E+0000 1.99619877817707E+0001
-5.02574555073478E+0000
861 1.00436322492289E+0000 1.99619825072116E+0001
-5.02358180750770E+0000
862 1.00402360553692E+0000 1.99619736179218E+0001
-5.02151280810965E+0000
863 1.00340767671379E+0000 1.99619727690903E+0001
-5.01953859193140E+0000
864 1.00289183749860E+0000 1.99619668039553E+0001
-5.01765919655918E+0000
865 1.00255564235224E+0000 1.99619595419376E+0001
-5.01587465777397E+0000
866 1.00208229060328E+0000 1.99619579917579E+0001
-5.01418500955081E+0000
867 1.00156072245429E+0000 1.99619551789709E+0001
-5.01259028405817E+0000
868 1.00111658520978E+0000 1.99619484010960E+0001
-5.01109051165733E+0000
869 1.00084611668717E+0000 1.99619405234344E+0001
-5.00968572090178E+0000
870 1.00044329231831E+0000 1.99619383729184E+0001
-5.00837593853673E+0000
871 1.00004391041413E+0000 1.99619352633183E+0001
-5.00716118949854E+0000
872 9.99654385130722E-0001 1.99619307678380E+0001
-5.00604149691428E+0000
873 9.99267551133236E-0001 1.99619247765681E+0001
-5.00501688210128E+0000
874 9.99068169801895E-0001 1.99619168936251E+0001
-5.00408736456673E+0000
875 9.98802018962587E-0001 1.99619146791754E+0001
-5.00325296200730E+0000
876 9.98347242795797E-0001 1.99619143502385E+0001
-5.00251369030883E+0000
877 9.98014547930751E-0001 1.99619071606901E+0001
-5.00186956354597E+0000
878 9.97900026007069E-0001 1.99618982319064E+0001
-5.00132059398197E+0000
879 9.97416559414335E-0001 1.99618964902608E+0001
-5.00086679206841E+0000
880 9.97400200367872E-0001 1.99618851669598E+0001
-5.00050816644505E+0000
881 9.97138157273532E-0001 1.99618843748235E+0001
-5.00024472393958E+0000
882 9.96841471303958E-0001 1.99618824451671E+0001
-5.00007646956757E+0000
883 9.96565113021834E-0001 1.99618775012033E+0001
-5.00000340653235E+0000
884 9.96390192384965E-0001 1.99618701452248E+0001
-5.00002553622493E+0000
885 9.96313392669095E-0001 1.99618644233491E+0001
-5.00014285822399E+0000
886 9.96021128335760E-0001 1.99618639988638E+0001
-5.00035537029590E+0000
887 9.95807465382029E-0001 1.99618588873460E+0001
-5.00066306839472E+0000
888 9.95618150886353E-0001 1.99618523372595E+0001
-5.00106594666232E+0000
889 9.95482591973655E-0001 1.99618450729456E+0001
-5.00156399742850E+0000
890 9.95379555887934E-0001 1.99618390411591E+0001
-5.00215721121107E+0000
891 9.95239475687853E-0001 1.99618351678167E+0001
-5.00284557671611E+0000
892 9.95072132681314E-0001 1.99618313528246E+0001
-5.00362908083812E+0000
893 9.94929373459394E-0001 1.99618260565400E+0001
-5.00450770866033E+0000
894 9.94896675481588E-0001 1.99618200631314E+0001
-5.00548144345491E+0000
895 9.94754203873852E-0001 1.99618177766431E+0001
-5.00655026668336E+0000
896 9.94667781606534E-0001 1.99618139175183E+0001
-5.00771415799683E+0000
897 9.94626533017977E-0001 1.99618106499725E+0001
-5.00897309523651E+0000
898 9.94373030316344E-0001 1.99618095434852E+0001
-5.01032705443405E+0000
899 9.94347048241840E-0001 1.99618010473162E+0001
-5.01177600981201E+0000
900 9.94249678314277E-0001 1.99617950506511E+0001
-5.01331993378437E+0000
901 9.94279465372053E-0001 1.99617880193803E+0001
-5.01495879695706E+0000
902 9.94263319207678E-0001 1.99617851555191E+0001
-5.01669256812846E+0000
903 9.94147099621571E-0001 1.99617839297788E+0001
-5.01852121429008E+0000
904 9.93954324545825E-0001 1.99617796617177E+0001
-5.02044470062714E+0000
905 9.94064442343264E-0001 1.99617689724803E+0001
-5.02246299051922E+0000
906 9.94031768968177E-0001 1.99617649486863E+0001
-5.02457604554100E+0000
907 9.93926303655881E-0001 1.99617607699216E+0001
-5.02678382546295E+0000
908 9.94044429570278E-0001 1.99617530513023E+0001
-5.02908628825213E+0000
909 9.94009592261123E-0001 1.99617513201519E+0001
-5.03148339007296E+0000
910 9.94013966604270E-0001 1.99617483821104E+0001
-5.03397508528808E+0000
911 9.93967490288791E-0001 1.99617457348607E+0001
-5.03656132645921E+0000
912 9.93923732289934E-0001 1.99617409260970E+0001
-5.03924206434804E+0000
913 9.94068098948818E-0001 1.99617339529344E+0001
-5.04201724791719E+0000
914 9.93941311089057E-0001 1.99617327572345E+0001
-5.04488682433115E+0000
915 9.94051698929214E-0001 1.99617251127854E+0001
-5.04785073895734E+0000
916 9.93978293764727E-0001 1.99617213398982E+0001
-5.05090893536709E+0000
917 9.94239589847440E-0001 1.99617130775362E+0001
-5.05406135533675E+0000
918 9.94001741251332E-0001 1.99617147070097E+0001
-5.05730793884879E+0000
919 9.94286762164619E-0001 1.99617039908794E+0001
-5.06064862409293E+0000
920 9.94135141750654E-0001 1.99617038715650E+0001
-5.06408334746735E+0000
921 9.94396485079469E-0001 1.99616947473839E+0001
-5.06761204357987E+0000
922 9.94333018982717E-0001 1.99616946487746E+0001
-5.07123464524918E+0000
923 9.94486565023741E-0001 1.99616888716495E+0001
-5.07495108350620E+0000
924 9.94370501446891E-0001 1.99616868513238E+0001
-5.07876128759527E+0000
925 9.94621502132996E-0001 1.99616765827232E+0001
-5.08266518497562E+0000
926 9.94731434615398E-0001 1.99616740884727E+0001
-5.08666270132266E+0000
927 9.94771514586003E-0001 1.99616726221568E+0001
-5.09075376052944E+0000
928 9.94821664558043E-0001 1.99616689205500E+0001
-5.09493828470810E+0000
929 9.94992350236067E-0001 1.99616633485458E+0001
-5.09921619419132E+0000
930 9.94881259418285E-0001 1.99616609797192E+0001
-5.10358740753388E+0000
931 9.95253024185716E-0001 1.99616493345465E+0001
-5.10805184151417E+0000
932 9.95278733199201E-0001 1.99616494722567E+0001
-5.11260941113581E+0000
933 9.95333996085632E-0001 1.99616456260977E+0001
-5.11726002962923E+0000
934 9.95469745749162E-0001 1.99616391157976E+0001
-5.12200360845338E+0000
935 9.95635290025650E-0001 1.99616333557628E+0001
-5.12684005729734E+0000
936 9.95703458937763E-0001 1.99616293755763E+0001
-5.13176928408210E+0000
937 9.95930358946524E-0001 1.99616226955149E+0001
-5.13679119496228E+0000
938 9.96149486108355E-0001 1.99616200901939E+0001
-5.14190569432795E+0000
939 9.96120620094374E-0001 1.99616207813097E+0001
-5.14711268480641E+0000
940 9.96290033210331E-0001 1.99616137537267E+0001
-5.15241206726406E+0000
941 9.96418451803403E-0001 1.99616077973755E+0001
-5.15780374080831E+0000
942 9.96741141454240E-0001 1.99616008958659E+0001
-5.16328760278945E+0000
943 9.96677091023386E-0001 1.99616012423210E+0001
-5.16886354880267E+0000
944 9.97051219812976E-0001 1.99615916300012E+0001
-5.17453147268998E+0000
945 9.97101563053566E-0001 1.99615912710380E+0001
-5.18029126654229E+0000
946 9.97339154576121E-0001 1.99615855306586E+0001
-5.18614282070143E+0000
947 9.97542336202352E-0001 1.99615825889723E+0001
-5.19208602376223E+0000
948 9.97707169498874E-0001 1.99615806170339E+0001
-5.19812076257468E+0000
949 9.97805476710604E-0001 1.99615777360114E+0001
-5.20424692224606E+0000
950 9.97957003678939E-0001 1.99615709769180E+0001
-5.21046438614310E+0000
951 9.98341652945452E-0001 1.99615626821226E+0001
-5.21677303589426E+0000
952 9.98437470768233E-0001 1.99615627535182E+0001
-5.22317275139195E+0000
953 9.98719553502597E-0001 1.99615581186024E+0001
-5.22966341079480E+0000
954 9.98818557066247E-0001 1.99615568821366E+0001
-5.23624489053002E+0000
955 9.98993753939771E-0001 1.99615508163241E+0001
-5.24291706529572E+0000
956 9.99250167530401E-0001 1.99615433144486E+0001
-5.24967980806331E+0000
957 9.99474567455831E-0001 1.99615377680837E+0001
-5.25653299007991E+0000
958 9.99757777992421E-0001 1.99615325073679E+0001
-5.26347648087083E+0000
959 1.00000843737674E+0000 1.99615298620974E+0001
-5.27051014824199E+0000
960 1.00010060553811E+0000 1.99615281063145E+0001
-5.27763385828252E+0000
961 1.00053212022448E+0000 1.99615202284901E+0001
-5.28484747536724E+0000
962 1.00061487474869E+0000 1.99615209823154E+0001
-5.29215086215929E+0000
963 1.00090705930725E+0000 1.99615147197894E+0001
-5.29954387961270E+0000
964 1.00111187189857E+0000 1.99615106884370E+0001
-5.30702638697508E+0000
965 1.00135550536141E+0000 1.99615048370724E+0001
-5.31459824179028E+0000
966 1.00184032155540E+0000 1.99614987752812E+0001
-5.32225929990109E+0000
967 1.00189785797762E+0000 1.99615026838077E+0001
-5.33000941545202E+0000
968 1.00222236224594E+0000 1.99614974757296E+0001
-5.33784844089203E+0000
969 1.00231509858104E+0000 1.99614950027903E+0001
-5.34577622697738E+0000
970 1.00283056244220E+0000 1.99614850000700E+0001
-5.35379262277444E+0000
971 1.00288392115607E+0000 1.99614858841149E+0001
-5.36189747566261E+0000
972 1.00330262316564E+0000 1.99614770124853E+0001
-5.37009063133716E+0000
973 1.00363220846814E+0000 1.99614744871031E+0001
-5.37837193381221E+0000
974 1.00374712850339E+0000 1.99614739308751E+0001
-5.38674122542372E+0000
975 1.00421308552651E+0000 1.99614658679529E+0001
-5.39519834683242E+0000
976 1.00437008823123E+0000 1.99614656484469E+0001
-5.40374313702692E+0000
977 1.00465521081998E+0000 1.99614593859794E+0001
-5.41237543332673E+0000
978 1.00497996222133E+0000 1.99614527898623E+0001
-5.42109507138537E+0000
979 1.00532120129898E+0000 1.99614474158030E+0001
-5.42990188519350E+0000
980 1.00568527481290E+0000 1.99614437330144E+0001
-5.43879570708208E+0000
981 1.00595004991844E+0000 1.99614424576810E+0001
-5.44777636772557E+0000
982 1.00625434499792E+0000 1.99614390326115E+0001
-5.45684369614512E+0000
983 1.00663455213636E+0000 1.99614351332654E+0001
-5.46599751971188E+0000
984 1.00674840431442E+0000 1.99614338880954E+0001
-5.47523766415025E+0000
985 1.00729697156302E+0000 1.99614235659084E+0001
-5.48456395354118E+0000
986 1.00748822394841E+0000 1.99614232018322E+0001
-5.49397621032557E+0000
987 1.00788170733055E+0000 1.99614167078514E+0001
-5.50347425530763E+0000
988 1.00820891070440E+0000 1.99614129793962E+0001
-5.51305790765827E+0000
989 1.00858689201814E+0000 1.99614088490044E+0001
-5.52272698491855E+0000
990 1.00880857176827E+0000 1.99614063657492E+0001
-5.53248130300319E+0000
991 1.00933883340204E+0000 1.99613985786567E+0001
-5.54232067620404E+0000
992 1.00961344459622E+0000 1.99613988875632E+0001
-5.55224491719360E+0000
993 1.00997549790463E+0000 1.99613956835873E+0001
-5.56225383702864E+0000
994 1.01032178287587E+0000 1.99613927876122E+0001
-5.57234724515374E+0000
995 1.01051725810750E+0000 1.99613893566733E+0001
-5.58252494940498E+0000
996 1.01111248956225E+0000 1.99613788126810E+0001
-5.59278675601352E+0000
997 1.01143493585868E+0000 1.99613785726584E+0001
-5.60313246960937E+0000
998 1.01180451054053E+0000 1.99613761545607E+0001
-5.61356189322506E+0000
999 1.01211717124410E+0000 1.99613735711605E+0001
-5.62407482829937E+0000

